shape_id,shape_pt_lat,shape_pt_lon,shape_pt_sequence,shape_dist_traveled
Itinerario,-5.833469,-35.202931,1,
Itinerario,-5.833282,-35.20292,2,
Itinerario,-5.833135,-35.202912,3,
Itinerario,-5.833042,-35.202861,4,
Itinerario,-5.83301,-35.202754,5,
Itinerario,-5.833036,-35.202588,6,
Itinerario,-5.833207,-35.202293,7,
Itinerario,-5.833818,-35.201483,8,
Itinerario,-5.834795,-35.200214,9,
Itinerario,-5.835804,-35.198881,10,
Itinerario,-5.836596,-35.19787,11,
Itinerario,-5.836782,-35.197661,12,
Itinerario,-5.836907,-35.197529,13,
Itinerario,-5.83713,-35.197339,14,
Itinerario,-5.837402,-35.197152,15,
Itinerario,-5.837918,-35.19679,16,
Itinerario,-5.838575,-35.196325,17,
Itinerario,-5.83926,-35.195843,18,
Itinerario,-5.839598,-35.19561,19,
Itinerario,-5.839722,-35.195522,20,
Itinerario,-5.839883,-35.19542,21,
Itinerario,-5.840002,-35.195362,22,
Itinerario,-5.840248,-35.195274,23,
Itinerario,-5.840428,-35.195228,24,
Itinerario,-5.840573,-35.195186,25,
Itinerario,-5.840709,-35.195164,26,
Itinerario,-5.840903,-35.195141,27,
Itinerario,-5.841162,-35.195121,28,
Itinerario,-5.841356,-35.195134,29,
Itinerario,-5.841719,-35.19515,30,
Itinerario,-5.841909,-35.195161,31,
Itinerario,-5.842131,-35.195178,32,
Itinerario,-5.842352,-35.195196,33,
Itinerario,-5.842486,-35.195212,34,
Itinerario,-5.842682,-35.195294,35,
Itinerario,-5.842952,-35.195448,36,
Itinerario,-5.843253,-35.19562,37,
Itinerario,-5.843488,-35.195837,38,
Itinerario,-5.843643,-35.196035,39,
Itinerario,-5.843787,-35.196295,40,
Itinerario,-5.843862,-35.196507,41,
Itinerario,-5.843918,-35.196767,42,
Itinerario,-5.843923,-35.197261,43,
Itinerario,-5.843846,-35.197897,44,
Itinerario,-5.8438,-35.198221,45,
Itinerario,-5.843667,-35.199729,46,
Itinerario,-5.843531,-35.201091,47,
Itinerario,-5.843464,-35.20167,48,
Itinerario,-5.843427,-35.20192,49,
Itinerario,-5.843379,-35.202078,50,
Itinerario,-5.843288,-35.202282,51,
Itinerario,-5.843159,-35.202498,52,
Itinerario,-5.843084,-35.2026,53,
Itinerario,-5.843019,-35.20267,54,
Itinerario,-5.842909,-35.202786,55,
Itinerario,-5.842822,-35.202858,56,
Itinerario,-5.842708,-35.202939,57,
Itinerario,-5.842462,-35.203066,58,
Itinerario,-5.842262,-35.203173,59,
Itinerario,-5.84205,-35.203283,60,
Itinerario,-5.841877,-35.203373,61,
Itinerario,-5.841638,-35.203494,62,
Itinerario,-5.841482,-35.203576,63,
Itinerario,-5.84129,-35.20368,64,
Itinerario,-5.841039,-35.203816,65,
Itinerario,-5.840769,-35.203955,66,
Itinerario,-5.840508,-35.204085,67,
Itinerario,-5.84037,-35.204158,68,
Itinerario,-5.840088,-35.2043,69,
Itinerario,-5.839849,-35.204428,70,
Itinerario,-5.839562,-35.204575,71,
Itinerario,-5.839255,-35.204731,72,
Itinerario,-5.839051,-35.204838,73,
Itinerario,-5.838756,-35.204987,74,
Itinerario,-5.83841,-35.205175,75,
Itinerario,-5.838172,-35.205296,76,
Itinerario,-5.838078,-35.205321,77,
Itinerario,-5.837953,-35.205334,78,
Itinerario,-5.837866,-35.20531,79,
Itinerario,-5.837761,-35.205273,80,
Itinerario,-5.837653,-35.205245,81,
Itinerario,-5.837531,-35.205261,82,
Itinerario,-5.837447,-35.205318,83,
Itinerario,-5.83738,-35.205411,84,
Itinerario,-5.837363,-35.205489,85,
Itinerario,-5.837363,-35.205556,86,
Itinerario,-5.837391,-35.205644,87,
Itinerario,-5.837446,-35.205711,88,
Itinerario,-5.837502,-35.205752,89,
Itinerario,-5.837599,-35.205793,90,
Itinerario,-5.837683,-35.205789,91,
Itinerario,-5.837765,-35.205753,92,
Itinerario,-5.837828,-35.205706,93,
Itinerario,-5.837877,-35.205663,94,
Itinerario,-5.837942,-35.205576,95,
Itinerario,-5.838112,-35.205486,96,
Itinerario,-5.838301,-35.205388,97,
Itinerario,-5.838683,-35.205176,98,
Itinerario,-5.838948,-35.205039,99,
Itinerario,-5.839323,-35.204849,100,
Itinerario,-5.839859,-35.204553,101,
Itinerario,-5.840324,-35.204311,102,
Itinerario,-5.840796,-35.204075,103,
Itinerario,-5.841067,-35.20393,104,
Itinerario,-5.841102,-35.203921,105,
Itinerario,-5.841148,-35.203916,106,
Itinerario,-5.841186,-35.203928,107,
Itinerario,-5.841213,-35.203954,108,
Itinerario,-5.841253,-35.203991,109,
Itinerario,-5.841426,-35.2043,110,
Itinerario,-5.841984,-35.205352,111,
Itinerario,-5.842095,-35.205556,112,
Itinerario,-5.842573,-35.206469,113,
Itinerario,-5.842802,-35.206889,114,
Itinerario,-5.843077,-35.207408,115,
Itinerario,-5.843229,-35.207695,116,
Itinerario,-5.843735,-35.208656,117,
Itinerario,-5.843526,-35.20875,118,
Itinerario,-5.843301,-35.208868,119,
Itinerario,-5.843078,-35.208985,120,
Itinerario,-5.842953,-35.209041,121,
Itinerario,-5.842807,-35.209118,122,
Itinerario,-5.842575,-35.209245,123,
Itinerario,-5.842305,-35.209397,124,
Itinerario,-5.842038,-35.20954,125,
Itinerario,-5.841774,-35.209686,126,
Itinerario,-5.841716,-35.209722,127,
Itinerario,-5.841705,-35.209759,128,
Itinerario,-5.841716,-35.20979,129,
Itinerario,-5.841735,-35.20985,130,
Itinerario,-5.841754,-35.20991,131,
Itinerario,-5.84152,-35.210007,132,
Itinerario,-5.841226,-35.210112,133,
Itinerario,-5.840888,-35.210221,134,
Itinerario,-5.840593,-35.21031,135,
Itinerario,-5.840231,-35.210408,136,
Itinerario,-5.83987,-35.210504,137,
Itinerario,-5.839243,-35.210704,138,
Itinerario,-5.838785,-35.210841,139,
Itinerario,-5.838178,-35.211003,140,
Itinerario,-5.838073,-35.211022,141,
Itinerario,-5.838001,-35.211007,142,
Itinerario,-5.837953,-35.210948,143,
Itinerario,-5.837944,-35.2109,144,
Itinerario,-5.837924,-35.210799,145,
Itinerario,-5.837878,-35.210734,146,
Itinerario,-5.837849,-35.210699,147,
Itinerario,-5.837437,-35.210834,148,
Itinerario,-5.837051,-35.210955,149,
Itinerario,-5.836573,-35.211102,150,
Itinerario,-5.836166,-35.211222,151,
Itinerario,-5.83606,-35.211258,152,
Itinerario,-5.836005,-35.211286,153,
Itinerario,-5.835956,-35.211304,154,
Itinerario,-5.835905,-35.211308,155,
Itinerario,-5.835848,-35.211286,156,
Itinerario,-5.835845,-35.211241,157,
Itinerario,-5.835857,-35.21118,158,
Itinerario,-5.835915,-35.210952,159,
Itinerario,-5.835954,-35.210787,160,
Itinerario,-5.836116,-35.21013,161,
Itinerario,-5.836194,-35.209875,162,
Itinerario,-5.836221,-35.209816,163,
Itinerario,-5.836429,-35.209756,164,
Itinerario,-5.836922,-35.209608,165,
Itinerario,-5.837276,-35.209515,166,
Itinerario,-5.837615,-35.209433,167,
Itinerario,-5.837908,-35.209352,168,
Itinerario,-5.838093,-35.209308,169,
Itinerario,-5.838173,-35.209284,170,
Itinerario,-5.838254,-35.20923,171,
Itinerario,-5.838292,-35.209182,172,
Itinerario,-5.838293,-35.209142,173,
Itinerario,-5.838224,-35.208697,174,
Itinerario,-5.83806,-35.207634,175,
Itinerario,-5.837966,-35.206972,176,
Itinerario,-5.837869,-35.20628,177,
Itinerario,-5.837844,-35.206106,178,
Itinerario,-5.837828,-35.20595,179,
Itinerario,-5.83784,-35.20582,180,
Itinerario,-5.837877,-35.205699,181,
Itinerario,-5.837909,-35.205558,182,
Itinerario,-5.837908,-35.205483,183,
Itinerario,-5.837875,-35.205393,184,
Itinerario,-5.837819,-35.205324,185,
Itinerario,-5.837737,-35.205245,186,
Itinerario,-5.837677,-35.205202,187,
Itinerario,-5.837634,-35.205159,188,
Itinerario,-5.837603,-35.205124,189,
Itinerario,-5.837563,-35.205043,190,
Itinerario,-5.837534,-35.20488,191,
Itinerario,-5.837495,-35.204675,192,
Itinerario,-5.837476,-35.204453,193,
Itinerario,-5.837459,-35.204072,194,
Itinerario,-5.837464,-35.203793,195,
Itinerario,-5.837469,-35.203515,196,
Itinerario,-5.837479,-35.20341,197,
Itinerario,-5.837503,-35.203311,198,
Itinerario,-5.837529,-35.203244,199,
Itinerario,-5.837579,-35.203177,200,
Itinerario,-5.837669,-35.203093,201,
Itinerario,-5.837733,-35.203048,202,
Itinerario,-5.837797,-35.203016,203,
Itinerario,-5.837905,-35.202977,204,
Itinerario,-5.838009,-35.202946,205,
Itinerario,-5.838141,-35.202915,206,
Itinerario,-5.838254,-35.202886,207,
Itinerario,-5.838328,-35.202867,208,
Itinerario,-5.838408,-35.202833,209,
Itinerario,-5.83844,-35.2028,210,
Itinerario,-5.838493,-35.20274,211,
Itinerario,-5.838531,-35.202675,212,
Itinerario,-5.838555,-35.202619,213,
Itinerario,-5.838571,-35.202546,214,
Itinerario,-5.838587,-35.202456,215,
Itinerario,-5.838597,-35.202368,216,
Itinerario,-5.838597,-35.202168,217,
Itinerario,-5.838593,-35.201974,218,
Itinerario,-5.838591,-35.201562,219,
Itinerario,-5.838588,-35.201284,220,
Itinerario,-5.838589,-35.20114,221,
Itinerario,-5.838594,-35.201029,222,
Itinerario,-5.838596,-35.200972,223,
Itinerario,-5.838591,-35.200914,224,
Itinerario,-5.838578,-35.20086,225,
Itinerario,-5.838554,-35.200828,226,
Itinerario,-5.838517,-35.200813,227,
Itinerario,-5.838463,-35.200819,228,
Itinerario,-5.838409,-35.200852,229,
Itinerario,-5.838316,-35.200871,230,
Itinerario,-5.838196,-35.200879,231,
Itinerario,-5.837978,-35.200882,232,
Itinerario,-5.837812,-35.200893,233,
Itinerario,-5.837713,-35.200912,234,
Itinerario,-5.837641,-35.20093,235,
Itinerario,-5.837522,-35.200974,236,
Itinerario,-5.837465,-35.201005,237,
Itinerario,-5.837407,-35.20105,238,
Itinerario,-5.83733,-35.201115,239,
Itinerario,-5.837216,-35.201218,240,
Itinerario,-5.837116,-35.201317,241,
Itinerario,-5.837028,-35.201407,242,
Itinerario,-5.836982,-35.201435,243,
Itinerario,-5.836915,-35.201462,244,
Itinerario,-5.836842,-35.201497,245,
Itinerario,-5.83679,-35.201536,246,
Itinerario,-5.836759,-35.201585,247,
Itinerario,-5.836727,-35.201663,248,
Itinerario,-5.836689,-35.201718,249,
Itinerario,-5.836553,-35.201863,250,
Itinerario,-5.83637,-35.202039,251,
Itinerario,-5.836152,-35.202253,252,
Itinerario,-5.835899,-35.202515,253,
Itinerario,-5.835701,-35.202702,254,
Itinerario,-5.835593,-35.202782,255,
Itinerario,-5.835467,-35.202866,256,
Itinerario,-5.835325,-35.202963,257,
Itinerario,-5.835268,-35.203,258,
Itinerario,-5.835208,-35.203018,259,
Itinerario,-5.835162,-35.203024,260,
Itinerario,-5.835067,-35.203028,261,
Itinerario,-5.834795,-35.203031,262,
Itinerario,-5.834602,-35.203025,263,
Itinerario,-5.834431,-35.203023,264,
Itinerario,-5.834198,-35.203023,265,
Itinerario,-5.833924,-35.203024,266,
Itinerario,-5.833749,-35.203025,267,
Itinerario,-5.833692,-35.202992,268,
Itinerario,-5.833616,-35.202977,269,
Itinerario,-5.833469,-35.202931,270,
Itinerario_4,-5.8436403,-35.1998118,1,
Itinerario_4,-5.8435696,-35.2005185,2,
Itinerario_4,-5.8434736,-35.2014305,3,
Itinerario_4,-5.8434402,-35.2017322,4,
Itinerario_4,-5.8434229,-35.2018408,5,
Itinerario_4,-5.8433908,-35.2019669,6,
Itinerario_4,-5.8433562,-35.2020836,7,
Itinerario_4,-5.8433255,-35.2021587,8,
Itinerario_4,-5.8432828,-35.2022499,9,
Itinerario_4,-5.8432468,-35.202321,10,
Itinerario_4,-5.8432027,-35.2023987,11,
Itinerario_4,-5.8431347,-35.2025047,12,
Itinerario_4,-5.8430546,-35.2026053,13,
Itinerario_4,-5.8429666,-35.2027018,14,
Itinerario_4,-5.8428812,-35.2027836,15,
Itinerario_4,-5.8428132,-35.2028413,16,
Itinerario_4,-5.8427104,-35.2029164,17,
Itinerario_4,-5.8426277,-35.202958,18,
Itinerario_4,-5.8422328,-35.2031672,19,
Itinerario_4,-5.8414817,-35.2035601,20,
Itinerario_4,-5.8406852,-35.2039759,21,
Itinerario_4,-5.8399114,-35.2043675,22,
Itinerario_4,-5.83866,-35.2050219,23,
Itinerario_4,-5.8381877,-35.2052714,24,
Itinerario_4,-5.8380943,-35.2052996,25,
Itinerario_4,-5.8380263,-35.2053143,26,
Itinerario_4,-5.8379596,-35.2053156,27,
Itinerario_4,-5.8378942,-35.2053063,28,
Itinerario_4,-5.8378341,-35.2052835,29,
Itinerario_4,-5.8377634,-35.2052526,30,
Itinerario_4,-5.8377074,-35.2052365,31,
Itinerario_4,-5.8376407,-35.2052271,32,
Itinerario_4,-5.8375606,-35.2052365,33,
Itinerario_4,-5.8374873,-35.2052593,34,
Itinerario_4,-5.8374312,-35.2052929,35,
Itinerario_4,-5.8373885,-35.2053384,36,
Itinerario_4,-5.8373498,-35.2054095,37,
Itinerario_4,-5.8373352,-35.2054752,38,
Itinerario_4,-5.8373352,-35.2055383,39,
Itinerario_4,-5.8373485,-35.2056161,40,
Itinerario_4,-5.8373739,-35.205671,41,
Itinerario_4,-5.8374179,-35.2057327,42,
Itinerario_4,-5.8374566,-35.2057636,43,
Itinerario_4,-5.8375113,-35.2057971,44,
Itinerario_4,-5.8375793,-35.2058105,45,
Itinerario_4,-5.8376487,-35.2058199,46,
Itinerario_4,-5.8377247,-35.2058132,47,
Itinerario_4,-5.8378048,-35.2057797,48,
Itinerario_4,-5.8378742,-35.2057301,49,
Itinerario_4,-5.8378995,-35.2056751,50,
Itinerario_4,-5.8379355,-35.2056268,51,
Itinerario_4,-5.8379756,-35.2055906,52,
Itinerario_4,-5.8380223,-35.205553,53,
Itinerario_4,-5.8381397,-35.2054913,54,
Itinerario_4,-5.8389402,-35.2050675,55,
Itinerario_4,-5.8399528,-35.2045311,56,
Itinerario_4,-5.8407919,-35.2040952,57,
Itinerario_4,-5.8410654,-35.2039504,58,
Itinerario_4,-5.8411161,-35.2039289,59,
Itinerario_4,-5.8411535,-35.2039263,60,
Itinerario_4,-5.8411875,-35.2039464,61,
Itinerario_4,-5.8412295,-35.2039893,62,
Itinerario_4,-5.8412602,-35.2040389,63,
Itinerario_4,-5.84191,-35.2052486,64,
Itinerario_4,-5.8427331,-35.2068123,65,
Itinerario_4,-5.8436937,-35.2086228,66,
Itinerario_4,-5.842585,-35.2092142,67,
Itinerario_4,-5.8417472,-35.2096649,68,
Itinerario_4,-5.8417152,-35.2096649,69,
Itinerario_4,-5.8416832,-35.2096514,70,
Itinerario_4,-5.8416578,-35.2096179,71,
Itinerario_4,-5.8416084,-35.2095388,72,
Itinerario_4,-5.8413763,-35.2091619,73,
Itinerario_4,-5.8413216,-35.2090533,74,
Itinerario_4,-5.8412656,-35.2089165,75,
Itinerario_4,-5.8411962,-35.2087422,76,
Itinerario_4,-5.8411388,-35.2086067,77,
Itinerario_4,-5.8407226,-35.2078168,78,
Itinerario_4,-5.8405758,-35.2075432,79,
Itinerario_4,-5.8411802,-35.2072348,80,
Itinerario_4,-5.8423596,-35.2066232,81,
Itinerario_4,-5.8425837,-35.2064998,82,
Itinerario_4,-5.8425984,-35.2064636,83,
Itinerario_4,-5.8425944,-35.2064194,84,
Itinerario_4,-5.8424503,-35.2061458,85,
Itinerario_4,-5.8420634,-35.2054055,86,
Itinerario_4,-5.8415137,-35.2043648,87,
Itinerario_4,-5.8413043,-35.2039611,88,
Itinerario_4,-5.8412882,-35.2039088,89,
Itinerario_4,-5.8412882,-35.2038538,90,
Itinerario_4,-5.8413149,-35.2038109,91,
Itinerario_4,-5.8416244,-35.2036487,92,
Itinerario_4,-5.8424263,-35.2032115,93,
Itinerario_4,-5.8427144,-35.2030747,94,
Itinerario_4,-5.8432014,-35.2028172,95,
Itinerario_4,-5.8433081,-35.2027474,96,
Itinerario_4,-5.8433882,-35.2026697,97,
Itinerario_4,-5.8434482,-35.2025865,98,
Itinerario_4,-5.8435016,-35.2024779,99,
Itinerario_4,-5.8435323,-35.2023733,100,
Itinerario_4,-5.8435536,-35.2021895,101,
Itinerario_4,-5.8436804,-35.2009048,102,
Itinerario_4,-5.8438831,-35.1989079,103,
Itinerario_4,-5.8440486,-35.1972516,104,
Itinerario_4,-5.8440819,-35.1965636,105,
Itinerario_4,-5.8440726,-35.1963919,106,
Itinerario_4,-5.8440446,-35.1962766,107,
Itinerario_4,-5.8439845,-35.1961586,108,
Itinerario_4,-5.8439178,-35.1960486,109,
Itinerario_4,-5.8438591,-35.1959507,110,
Itinerario_4,-5.8438178,-35.1959024,111,
Itinerario_4,-5.8437724,-35.195889,112,
Itinerario_4,-5.843723,-35.1959105,113,
Itinerario_4,-5.8436817,-35.1959574,114,
Itinerario_4,-5.8436697,-35.196003,115,
Itinerario_4,-5.8436723,-35.1960687,116,
Itinerario_4,-5.8436857,-35.1961318,117,
Itinerario_4,-5.843727,-35.1962163,118,
Itinerario_4,-5.8437684,-35.1962994,119,
Itinerario_4,-5.8437964,-35.1963665,120,
Itinerario_4,-5.8438244,-35.1964375,121,
Itinerario_4,-5.8438498,-35.1965193,122,
Itinerario_4,-5.8438711,-35.1966119,123,
Itinerario_4,-5.8438938,-35.1967312,124,
Itinerario_4,-5.8439045,-35.196813,125,
Itinerario_4,-5.8439072,-35.196923,126,
Itinerario_4,-5.8439072,-35.1970384,127,
Itinerario_4,-5.8439032,-35.1972409,128,
Itinerario_4,-5.8438711,-35.1975225,129,
Itinerario_4,-5.8437671,-35.1983996,130,
Itinerario_4,-5.8436403,-35.1998118,131,
Itinerario_3,-5.8386026,-35.2016336,1,
Itinerario_3,-5.8385993,-35.2012179,2,
Itinerario_3,-5.8386093,-35.2009711,3,
Itinerario_3,-5.8386033,-35.2009235,4,
Itinerario_3,-5.8385893,-35.2008632,5,
Itinerario_3,-5.8385633,-35.2008229,6,
Itinerario_3,-5.8385172,-35.2008008,7,
Itinerario_3,-5.8384632,-35.2008069,8,
Itinerario_3,-5.8384358,-35.2008357,9,
Itinerario_3,-5.8384252,-35.2008699,10,
Itinerario_3,-5.8384272,-35.2009101,11,
Itinerario_3,-5.8384432,-35.2009557,12,
Itinerario_3,-5.8384679,-35.2009859,13,
Itinerario_3,-5.8384939,-35.2010201,14,
Itinerario_3,-5.8385132,-35.2010536,15,
Itinerario_3,-5.8385366,-35.201116,16,
Itinerario_3,-5.8385419,-35.2012581,17,
Itinerario_3,-5.8385459,-35.201456,18,
Itinerario_3,-5.8385386,-35.2020541,19,
Itinerario_3,-5.8385399,-35.2023096,20,
Itinerario_3,-5.8385306,-35.2024376,21,
Itinerario_3,-5.8384999,-35.2025731,22,
Itinerario_3,-5.8384372,-35.2026737,23,
Itinerario_3,-5.8383571,-35.2027515,24,
Itinerario_3,-5.8382677,-35.2028172,25,
Itinerario_3,-5.8381623,-35.2028574,26,
Itinerario_3,-5.8378141,-35.2029486,27,
Itinerario_3,-5.8376193,-35.2030009,28,
Itinerario_3,-5.8375099,-35.2030787,29,
Itinerario_3,-5.8374566,-35.2031337,30,
Itinerario_3,-5.8374085,-35.2032128,31,
Itinerario_3,-5.8373792,-35.2032906,32,
Itinerario_3,-5.8373672,-35.2033845,33,
Itinerario_3,-5.8373965,-35.2035119,34,
Itinerario_3,-5.8374352,-35.203654,35,
Itinerario_3,-5.8374366,-35.2040242,36,
Itinerario_3,-5.8374392,-35.2042495,37,
Itinerario_3,-5.8374753,-35.2047497,38,
Itinerario_3,-5.8374819,-35.2048771,39,
Itinerario_3,-5.8374739,-35.2050743,40,
Itinerario_3,-5.8374539,-35.2052473,41,
Itinerario_3,-5.8374192,-35.2053116,42,
Itinerario_3,-5.8373632,-35.2053934,43,
Itinerario_3,-5.8373405,-35.2054645,44,
Itinerario_3,-5.8373418,-35.2055584,45,
Itinerario_3,-5.8373685,-35.2056603,46,
Itinerario_3,-5.8374179,-35.2057327,47,
Itinerario_3,-5.8374846,-35.2057891,48,
Itinerario_3,-5.8375793,-35.2058105,49,
Itinerario_3,-5.8376807,-35.2058145,50,
Itinerario_3,-5.8377621,-35.2057931,51,
Itinerario_3,-5.8378462,-35.2057448,52,
Itinerario_3,-5.8379115,-35.2056549,53,
Itinerario_3,-5.8379649,-35.2055986,54,
Itinerario_3,-5.8380223,-35.205553,55,
Itinerario_3,-5.8381277,-35.205494,56,
Itinerario_3,-5.8384892,-35.2053063,57,
Itinerario_3,-5.8391483,-35.2049589,58,
Itinerario_3,-5.8401369,-35.2044292,59,
Itinerario_3,-5.8410654,-35.2039504,60,
Itinerario_3,-5.8411028,-35.203933,61,
Itinerario_3,-5.8411342,-35.2039283,62,
Itinerario_3,-5.8411628,-35.2039323,63,
Itinerario_3,-5.8411875,-35.2039464,64,
Itinerario_3,-5.8412175,-35.2039745,65,
Itinerario_3,-5.8412449,-35.2040054,66,
Itinerario_3,-5.8412776,-35.2040597,67,
Itinerario_3,-5.8418979,-35.2052218,68,
Itinerario_3,-5.8425237,-35.2064127,69,
Itinerario_3,-5.8432854,-35.2078463,70,
Itinerario_3,-5.8437004,-35.2086335,71,
Itinerario_3,-5.8427878,-35.209107,72,
Itinerario_3,-5.8418899,-35.2095897,73,
Itinerario_3,-5.8417565,-35.2096581,74,
Itinerario_3,-5.8416938,-35.2097078,75,
Itinerario_3,-5.8416805,-35.2097413,76,
Itinerario_3,-5.8416925,-35.2097802,77,
Itinerario_3,-5.8417192,-35.2098513,78,
Itinerario_3,-5.8417218,-35.2098861,79,
Itinerario_3,-5.8416885,-35.2099183,80,
Itinerario_3,-5.8415231,-35.2099934,81,
Itinerario_3,-5.8412829,-35.2100793,82,
Itinerario_3,-5.8405558,-35.2103072,83,
Itinerario_3,-5.8398887,-35.2104896,84,
Itinerario_3,-5.8393417,-35.2106586,85,
Itinerario_3,-5.838724,-35.2108289,86,
Itinerario_3,-5.838073,-35.2110046,87,
Itinerario_3,-5.8380329,-35.2109986,88,
Itinerario_3,-5.8380016,-35.2109825,89,
Itinerario_3,-5.8379829,-35.2109637,90,
Itinerario_3,-5.8379636,-35.2109282,91,
Itinerario_3,-5.8379576,-35.2108826,92,
Itinerario_3,-5.8379702,-35.2108417,93,
Itinerario_3,-5.8379882,-35.2108061,94,
Itinerario_3,-5.8380429,-35.2107679,95,
Itinerario_3,-5.838149,-35.210727,96,
Itinerario_3,-5.8382384,-35.2106801,97,
Itinerario_3,-5.8383158,-35.2106304,98,
Itinerario_3,-5.8383851,-35.210554,99,
Itinerario_3,-5.8384372,-35.2104655,100,
Itinerario_3,-5.8384665,-35.2103595,101,
Itinerario_3,-5.8384679,-35.2102643,102,
Itinerario_3,-5.8383825,-35.2096903,103,
Itinerario_3,-5.8383131,-35.2091512,104,
Itinerario_3,-5.8380836,-35.2076505,105,
Itinerario_3,-5.8379049,-35.2064154,106,
Itinerario_3,-5.8378502,-35.2060278,107,
Itinerario_3,-5.8378448,-35.2059232,108,
Itinerario_3,-5.8378555,-35.2058347,109,
Itinerario_3,-5.8378742,-35.2057528,110,
Itinerario_3,-5.8379035,-35.2056858,111,
Itinerario_3,-5.8379315,-35.2055638,112,
Itinerario_3,-5.8379315,-35.2054819,113,
Itinerario_3,-5.8379155,-35.2054109,114,
Itinerario_3,-5.8378875,-35.2053572,115,
Itinerario_3,-5.8378528,-35.2053116,116,
Itinerario_3,-5.8378035,-35.2052741,117,
Itinerario_3,-5.8377488,-35.2052338,118,
Itinerario_3,-5.8376901,-35.2051923,119,
Itinerario_3,-5.837654,-35.2051547,120,
Itinerario_3,-5.837614,-35.2051051,121,
Itinerario_3,-5.8375807,-35.2050447,122,
Itinerario_3,-5.8375633,-35.2049643,123,
Itinerario_3,-5.837542,-35.2048463,124,
Itinerario_3,-5.837522,-35.2047296,125,
Itinerario_3,-5.8375099,-35.2046357,126,
Itinerario_3,-5.8374926,-35.2044775,127,
Itinerario_3,-5.8374779,-35.2042387,128,
Itinerario_3,-5.8374726,-35.2040054,129,
Itinerario_3,-5.8374793,-35.2036487,130,
Itinerario_3,-5.8374833,-35.2035132,131,
Itinerario_3,-5.8374913,-35.2034421,132,
Itinerario_3,-5.8375019,-35.203371,133,
Itinerario_3,-5.837522,-35.2033013,134,
Itinerario_3,-5.8375486,-35.2032369,135,
Itinerario_3,-5.837606,-35.2031712,136,
Itinerario_3,-5.8376634,-35.2031149,137,
Itinerario_3,-5.8377354,-35.2030626,138,
Itinerario_3,-5.8378181,-35.2030224,139,
Itinerario_3,-5.8378942,-35.2029942,140,
Itinerario_3,-5.8379889,-35.202966,141,
Itinerario_3,-5.8382357,-35.202907,142,
Itinerario_3,-5.8383411,-35.2028789,143,
Itinerario_3,-5.8384092,-35.202852,144,
Itinerario_3,-5.8384665,-35.2027984,145,
Itinerario_3,-5.8385239,-35.2027287,146,
Itinerario_3,-5.8385639,-35.2026455,147,
Itinerario_3,-5.8385893,-35.2025369,148,
Itinerario_3,-5.8386066,-35.2024283,149,
Itinerario_3,-5.8386133,-35.2023008,150,
Itinerario_3,-5.8386026,-35.2016336,151,
Itinerario_2,-5.8332927,-35.2028829,1,
Itinerario_2,-5.8331459,-35.2028748,2,
Itinerario_2,-5.8330712,-35.2028453,3,
Itinerario_2,-5.8330419,-35.2027622,4,
Itinerario_2,-5.8330365,-35.2026817,5,
Itinerario_2,-5.8330659,-35.2025905,6,
Itinerario_2,-5.8332046,-35.2023974,7,
Itinerario_2,-5.8332553,-35.2022472,8,
Itinerario_2,-5.8334768,-35.2019441,9,
Itinerario_2,-5.8343894,-35.2007398,10,
Itinerario_2,-5.8356488,-35.1990956,11,
Itinerario_2,-5.8365934,-35.1978886,12,
Itinerario_2,-5.8367348,-35.1977116,13,
Itinerario_2,-5.8368629,-35.1975721,14,
Itinerario_2,-5.8369776,-35.1974702,15,
Itinerario_2,-5.83713,-35.197339,16,
Itinerario_2,-5.8373245,-35.197202,17,
Itinerario_2,-5.8377247,-35.1969284,18,
Itinerario_2,-5.8385439,-35.1963437,19,
Itinerario_2,-5.8395258,-35.1956543,20,
Itinerario_2,-5.8396566,-35.1955631,21,
Itinerario_2,-5.839838,-35.1954532,22,
Itinerario_2,-5.840002,-35.195362,23,
Itinerario_2,-5.8402223,-35.1952815,24,
Itinerario_2,-5.8404491,-35.1952145,25,
Itinerario_2,-5.8406705,-35.1951608,26,
Itinerario_2,-5.84082,-35.1951393,27,
Itinerario_2,-5.8409934,-35.1951233,28,
Itinerario_2,-5.841162,-35.195121,29,
Itinerario_2,-5.841356,-35.195134,30,
Itinerario_2,-5.8422155,-35.1951903,31,
Itinerario_2,-5.8424049,-35.1952091,32,
Itinerario_2,-5.8425143,-35.1952279,33,
Itinerario_2,-5.8426264,-35.1952681,34,
Itinerario_2,-5.8427545,-35.1953351,35,
Itinerario_2,-5.8431227,-35.1955283,36,
Itinerario_2,-5.843253,-35.19562,37,
Itinerario_2,-5.8433788,-35.1957214,38,
Itinerario_2,-5.8434562,-35.1958045,39,
Itinerario_2,-5.8435549,-35.1959199,40,
Itinerario_2,-5.843643,-35.196035,41,
Itinerario_2,-5.8437044,-35.1961344,42,
Itinerario_2,-5.8437764,-35.1962632,43,
Itinerario_2,-5.8438511,-35.1964483,44,
Itinerario_2,-5.8439045,-35.1966575,45,
Itinerario_2,-5.8439312,-35.1968506,46,
Itinerario_2,-5.8439365,-35.1969606,47,
Itinerario_2,-5.8439258,-35.1971591,48,
Itinerario_2,-5.8438244,-35.1981729,49,
Itinerario_2,-5.8436323,-35.2000773,50,
Itinerario_2,-5.8434776,-35.2016142,51,
Itinerario_2,-5.8434616,-35.2017429,52,
Itinerario_2,-5.8434455,-35.2018422,53,
Itinerario_2,-5.8434215,-35.2019468,54,
Itinerario_2,-5.843379,-35.202078,55,
Itinerario_2,-5.8433281,-35.202207,56,
Itinerario_2,-5.8432614,-35.2023572,57,
Itinerario_2,-5.8431867,-35.2024698,58,
Itinerario_2,-5.8431067,-35.2025825,59,
Itinerario_2,-5.843019,-35.20267,60,
Itinerario_2,-5.8429386,-35.2027568,61,
Itinerario_2,-5.8428372,-35.20284,62,
Itinerario_2,-5.8427518,-35.202907,63,
Itinerario_2,-5.8426357,-35.2029728,64,
Itinerario_2,-5.8417005,-35.2034649,65,
Itinerario_2,-5.840305,-35.2041999,66,
Itinerario_2,-5.8388855,-35.2049294,67,
Itinerario_2,-5.8382504,-35.2052566,68,
Itinerario_2,-5.8381383,-35.2053076,69,
Itinerario_2,-5.8380623,-35.2053291,70,
Itinerario_2,-5.8379969,-35.2053344,71,
Itinerario_2,-5.8379142,-35.205325,72,
Itinerario_2,-5.8378235,-35.2053049,73,
Itinerario_2,-5.8377528,-35.2052754,74,
Itinerario_2,-5.8376767,-35.2052553,75,
Itinerario_2,-5.8376193,-35.205254,76,
Itinerario_2,-5.8375513,-35.2052647,77,
Itinerario_2,-5.8374913,-35.2052929,78,
Itinerario_2,-5.8374299,-35.2053384,79,
Itinerario_2,-5.8373952,-35.2053814,80,
Itinerario_2,-5.8373699,-35.2054256,81,
Itinerario_2,-5.8373592,-35.2054752,82,
Itinerario_2,-5.8373538,-35.2055316,83,
Itinerario_2,-5.8373632,-35.2055933,84,
Itinerario_2,-5.8373885,-35.2056617,85,
Itinerario_2,-5.8374352,-35.205718,86,
Itinerario_2,-5.8374939,-35.2057649,87,
Itinerario_2,-5.8375606,-35.2057864,88,
Itinerario_2,-5.8376354,-35.2057984,89,
Itinerario_2,-5.8377021,-35.2057891,90,
Itinerario_2,-5.837765,-35.205753,91,
Itinerario_2,-5.8378408,-35.2057086,92,
Itinerario_2,-5.8378928,-35.2056469,93,
Itinerario_2,-5.8379409,-35.2056013,94,
Itinerario_2,-5.8379822,-35.2055624,95,
Itinerario_2,-5.8380556,-35.2055141,96,
Itinerario_2,-5.838353,-35.205364,97,
Itinerario_2,-5.839159,-35.2049388,98,
Itinerario_2,-5.840174,-35.204386,99,
Itinerario_2,-5.8410828,-35.2039303,100,
Itinerario_2,-5.8411321,-35.2039169,101,
Itinerario_2,-5.841186,-35.203928,102,
Itinerario_2,-5.8412335,-35.2039638,103,
Itinerario_2,-5.8412776,-35.2040456,104,
Itinerario_2,-5.8413349,-35.2041516,105,
Itinerario_2,-5.8431254,-35.2074963,106,
Itinerario_2,-5.843691,-35.2085799,107,
Itinerario_2,-5.8437004,-35.2086067,108,
Itinerario_2,-5.8436937,-35.2086228,109,
Itinerario_2,-5.843671,-35.2086604,110,
Itinerario_2,-5.843603,-35.2087019,111,
Itinerario_2,-5.8434349,-35.2087824,112,
Itinerario_2,-5.8417712,-35.2096568,113,
Itinerario_2,-5.8417285,-35.2096809,114,
Itinerario_2,-5.8417072,-35.2097024,115,
Itinerario_2,-5.8417032,-35.2097346,116,
Itinerario_2,-5.841705,-35.209759,117,
Itinerario_2,-5.8417112,-35.2098016,118,
Itinerario_2,-5.8417245,-35.2098432,119,
Itinerario_2,-5.8417312,-35.2098714,120,
Itinerario_2,-5.8417258,-35.2099049,121,
Itinerario_2,-5.8416925,-35.2099344,122,
Itinerario_2,-5.8415978,-35.209976,123,
Itinerario_2,-5.841463,-35.2100269,124,
Itinerario_2,-5.8413149,-35.2100806,125,
Itinerario_2,-5.8411508,-35.2101409,126,
Itinerario_2,-5.8410054,-35.2101852,127,
Itinerario_2,-5.8408747,-35.2102241,128,
Itinerario_2,-5.8406519,-35.2102885,129,
Itinerario_2,-5.8399995,-35.2104749,130,
Itinerario_2,-5.8392684,-35.2106854,131,
Itinerario_2,-5.838073,-35.2110046,132,
Itinerario_2,-5.8380303,-35.2110086,133,
Itinerario_2,-5.8379929,-35.2109993,134,
Itinerario_2,-5.8379689,-35.210963,135,
Itinerario_2,-5.837949,-35.210936,136,
Itinerario_2,-5.8379435,-35.2108853,137,
Itinerario_2,-5.8379435,-35.210833,138,
Itinerario_2,-5.837926,-35.210787,139,
Itinerario_2,-5.8378902,-35.2107444,140,
Itinerario_2,-5.8378728,-35.2107243,141,
Itinerario_2,-5.8378195,-35.210719,142,
Itinerario_2,-5.8377381,-35.2107444,143,
Itinerario_2,-5.83759,-35.2107941,144,
Itinerario_2,-5.8362959,-35.211187,145,
Itinerario_2,-5.8361785,-35.2112111,146,
Itinerario_2,-5.83594,-35.211296,147,
Itinerario_2,-5.835905,-35.211308,148,
Itinerario_2,-5.8358729,-35.2112997,149,
Itinerario_2,-5.835856,-35.21128,150,
Itinerario_2,-5.8358449,-35.2112554,151,
Itinerario_2,-5.8358556,-35.2112085,152,
Itinerario_2,-5.835977,-35.2107015,153,
Itinerario_2,-5.8361544,-35.2099693,154,
Itinerario_2,-5.8361758,-35.209917,155,
Itinerario_2,-5.8362145,-35.2098566,156,
Itinerario_2,-5.8362772,-35.2097963,157,
Itinerario_2,-5.8364159,-35.2097601,158,
Itinerario_2,-5.8371217,-35.209567,159,
Itinerario_2,-5.8377541,-35.2094047,160,
Itinerario_2,-5.838125,-35.2093081,161,
Itinerario_2,-5.8381944,-35.2092773,162,
Itinerario_2,-5.8382491,-35.2092384,163,
Itinerario_2,-5.8382704,-35.2091981,164,
Itinerario_2,-5.8382811,-35.2091365,165,
Itinerario_2,-5.8382797,-35.2090493,166,
Itinerario_2,-5.8382584,-35.2088293,167,
Itinerario_2,-5.8379409,-35.2067453,168,
Itinerario_2,-5.8378488,-35.2060479,169,
Itinerario_2,-5.8378448,-35.2059916,170,
Itinerario_2,-5.8378421,-35.2059406,171,
Itinerario_2,-5.8378462,-35.2058977,172,
Itinerario_2,-5.8378555,-35.2058347,173,
Itinerario_2,-5.8378675,-35.2057716,174,
Itinerario_2,-5.8378862,-35.2057126,175,
Itinerario_2,-5.8379115,-35.2056549,176,
Itinerario_2,-5.8379649,-35.2055986,177,
Itinerario_2,-5.8380143,-35.2055557,178,
Itinerario_2,-5.8380983,-35.2054954,179,
Itinerario_2,-5.8386293,-35.2052177,180,
Itinerario_2,-5.8408573,-35.2040416,181,
Itinerario_2,-5.842573,-35.2031243,182,
Itinerario_2,-5.8429946,-35.2029151,183,
Itinerario_2,-5.8431307,-35.2028453,184,
Itinerario_2,-5.8432227,-35.2027971,185,
Itinerario_2,-5.8432948,-35.2027488,186,
Itinerario_2,-5.8433535,-35.2026992,187,
Itinerario_2,-5.8433908,-35.2026536,188,
Itinerario_2,-5.8434349,-35.2025972,189,
Itinerario_2,-5.8434709,-35.2025315,190,
Itinerario_2,-5.8435042,-35.2024591,191,
Itinerario_2,-5.8435216,-35.202388,192,
Itinerario_2,-5.8435349,-35.2022995,193,
Itinerario_2,-5.8435923,-35.2017336,194,
Itinerario_2,-5.8438244,-35.1994014,195,
Itinerario_2,-5.8440539,-35.1971081,196,
Itinerario_2,-5.8440979,-35.1967138,197,
Itinerario_2,-5.8441059,-35.1966105,198,
Itinerario_2,-5.8441099,-35.1965328,199,
Itinerario_2,-5.8441059,-35.1964563,200,
Itinerario_2,-5.8440939,-35.1963638,201,
Itinerario_2,-5.8440793,-35.1963048,202,
Itinerario_2,-5.8440566,-35.1962163,203,
Itinerario_2,-5.8440059,-35.1961197,204,
Itinerario_2,-5.8439485,-35.1960084,205,
Itinerario_2,-5.8438618,-35.1958756,206,
Itinerario_2,-5.8438058,-35.1958045,207,
Itinerario_2,-5.8437484,-35.1957496,208,
Itinerario_2,-5.843691,-35.1957026,209,
Itinerario_2,-5.843615,-35.195661,210,
Itinerario_2,-5.8426731,-35.1951635,211,
Itinerario_2,-5.842577,-35.1951152,212,
Itinerario_2,-5.8425063,-35.1950938,213,
Itinerario_2,-5.8424329,-35.1950763,214,
Itinerario_2,-5.8423582,-35.1950642,215,
Itinerario_2,-5.8422542,-35.1950575,216,
Itinerario_2,-5.8419833,-35.1950414,217,
Itinerario_2,-5.8417419,-35.195024,218,
Itinerario_2,-5.8412522,-35.1949945,219,
Itinerario_2,-5.8410281,-35.1949851,220,
Itinerario_2,-5.8408907,-35.1949891,221,
Itinerario_2,-5.8407332,-35.1950052,222,
Itinerario_2,-5.8406198,-35.1950227,223,
Itinerario_2,-5.8404998,-35.1950482,224,
Itinerario_2,-5.840364,-35.195072,225,
Itinerario_2,-5.8402663,-35.1951018,226,
Itinerario_2,-5.840141,-35.195147,227,
Itinerario_2,-5.8400555,-35.1951836,228,
Itinerario_2,-5.8399728,-35.1952238,229,
Itinerario_2,-5.8398794,-35.1952735,230,
Itinerario_2,-5.839802,-35.1953217,231,
Itinerario_2,-5.8396859,-35.1953942,232,
Itinerario_2,-5.8395712,-35.1954746,233,
Itinerario_2,-5.8389628,-35.1959065,234,
Itinerario_2,-5.8377488,-35.1967353,235,
Itinerario_2,-5.8372058,-35.1971403,236,
Itinerario_2,-5.8370723,-35.1972422,237,
Itinerario_2,-5.8369936,-35.1973052,238,
Itinerario_2,-5.8369029,-35.1973857,239,
Itinerario_2,-5.8368389,-35.1974447,240,
Itinerario_2,-5.8367682,-35.1975118,241,
Itinerario_2,-5.8366828,-35.1975989,242,
Itinerario_2,-5.8365867,-35.1977156,243,
Itinerario_2,-5.8360224,-35.1984291,244,
Itinerario_2,-5.8348296,-35.1999727,245,
Itinerario_2,-5.8336582,-35.2014881,246,
Itinerario_2,-5.8328524,-35.2025852,247,
Itinerario_2,-5.832731,-35.2027407,248,
Itinerario_2,-5.8326296,-35.2028695,249,
Itinerario_2,-5.8325496,-35.2029781,250,
Itinerario_2,-5.8325055,-35.2030653,251,
Itinerario_2,-5.8324708,-35.2031498,252,
Itinerario_2,-5.8322414,-35.20376,253,
Itinerario_2,-5.8319158,-35.2046277,254,
Itinerario_2,-5.8315649,-35.2055383,255,
Itinerario_2,-5.8315529,-35.2056026,256,
Itinerario_2,-5.8314942,-35.2057582,257,
Itinerario_2,-5.8315022,-35.2057824,258,
Itinerario_2,-5.8315356,-35.2057931,259,
Itinerario_2,-5.8315769,-35.2057824,260,
Itinerario_2,-5.831609,-35.2057502,261,
Itinerario_2,-5.8316503,-35.2056724,262,
Itinerario_2,-5.8318411,-35.2051882,263,
Itinerario_2,-5.8322294,-35.2041502,264,
Itinerario_2,-5.8325709,-35.2032664,265,
Itinerario_2,-5.8326243,-35.2031592,266,
Itinerario_2,-5.8326803,-35.2031001,267,
Itinerario_2,-5.832747,-35.2030653,268,
Itinerario_2,-5.832795,-35.2030613,269,
Itinerario_2,-5.8331673,-35.2030559,270,
Itinerario_2,-5.8337169,-35.2030505,271,
Itinerario_2,-5.8337596,-35.2030425,272,
Itinerario_2,-5.8337663,-35.2030009,273,
Itinerario_2,-5.8337476,-35.2029835,274,
Itinerario_2,-5.8337116,-35.2029727,275,
Itinerario_2,-5.8336369,-35.2029754,276,
Itinerario_2,-5.8335608,-35.2029701,277,
Itinerario_2,-5.8334941,-35.2029486,278,
Itinerario_2,-5.8334314,-35.2029137,279,
Itinerario_2,-5.8333834,-35.2028936,280,
Itinerario_2,-5.8332927,-35.2028829,281,
Itinerario_1,-5.833203,-35.203044,1,
Itinerario_1,-5.833688,-35.203049,2,
Itinerario_1,-5.834233,-35.203046,3,
Itinerario_1,-5.834891,-35.203056,4,
Itinerario_1,-5.835072,-35.203059,5,
Itinerario_1,-5.835188,-35.203046,6,
Itinerario_1,-5.835285,-35.203014,7,
Itinerario_1,-5.835427,-35.202922,8,
Itinerario_1,-5.835669,-35.202746,9,
Itinerario_1,-5.835808,-35.202625,10,
Itinerario_1,-5.836016,-35.202412,11,
Itinerario_1,-5.836302,-35.202139,12,
Itinerario_1,-5.836564,-35.201885,13,
Itinerario_1,-5.836675,-35.201779,14,
Itinerario_1,-5.836738,-35.201744,15,
Itinerario_1,-5.836818,-35.201709,16,
Itinerario_1,-5.83688,-35.201666,17,
Itinerario_1,-5.836928,-35.201633,18,
Itinerario_1,-5.836974,-35.201561,19,
Itinerario_1,-5.837014,-35.201471,20,
Itinerario_1,-5.837067,-35.201408,21,
Itinerario_1,-5.837147,-35.201312,22,
Itinerario_1,-5.837251,-35.201223,23,
Itinerario_1,-5.837379,-35.201099,24,
Itinerario_1,-5.837454,-35.201044,25,
Itinerario_1,-5.837575,-35.200984,26,
Itinerario_1,-5.837682,-35.200953,27,
Itinerario_1,-5.83779,-35.200926,28,
Itinerario_1,-5.837994,-35.200912,29,
Itinerario_1,-5.83818,-35.200909,30,
Itinerario_1,-5.838284,-35.200912,31,
Itinerario_1,-5.838373,-35.200925,32,
Itinerario_1,-5.838426,-35.200956,33,
Itinerario_1,-5.838472,-35.201008,34,
Itinerario_1,-5.838508,-35.201064,35,
Itinerario_1,-5.838528,-35.201126,36,
Itinerario_1,-5.838537,-35.201459,37,
Itinerario_1,-5.838528,-35.20189,38,
Itinerario_1,-5.838529,-35.20231,39,
Itinerario_1,-5.838515,-35.202448,40,
Itinerario_1,-5.838484,-35.202566,41,
Itinerario_1,-5.838421,-35.202667,42,
Itinerario_1,-5.838346,-35.202738,43,
Itinerario_1,-5.838269,-35.202794,44,
Itinerario_1,-5.838154,-35.202844,45,
Itinerario_1,-5.837982,-35.202888,46,
Itinerario_1,-5.837749,-35.20295,47,
Itinerario_1,-5.837617,-35.202984,48,
Itinerario_1,-5.837509,-35.203049,49,
Itinerario_1,-5.837431,-35.203132,50,
Itinerario_1,-5.837368,-35.20325,51,
Itinerario_1,-5.837344,-35.203367,52,
Itinerario_1,-5.837362,-35.203465,53,
Itinerario_1,-5.837406,-35.203618,54,
Itinerario_1,-5.837446,-35.203764,55,
Itinerario_1,-5.837453,-35.204219,56,
Itinerario_1,-5.837474,-35.204527,57,
Itinerario_1,-5.837495,-35.204854,58,
Itinerario_1,-5.837486,-35.205052,59,
Itinerario_1,-5.837475,-35.205232,60,
Itinerario_1,-5.837458,-35.205296,61,
Itinerario_1,-5.837396,-35.205371,62,
Itinerario_1,-5.837367,-35.205458,63,
Itinerario_1,-5.837366,-35.205528,64,
Itinerario_1,-5.837379,-35.205595,65,
Itinerario_1,-5.837404,-35.205659,66,
Itinerario_1,-5.837429,-35.205699,67,
Itinerario_1,-5.837466,-35.205739,68,
Itinerario_1,-5.837537,-35.205777,69,
Itinerario_1,-5.837587,-35.205789,70,
Itinerario_1,-5.837634,-35.205789,71,
Itinerario_1,-5.837706,-35.205777,72,
Itinerario_1,-5.837789,-35.205746,73,
Itinerario_1,-5.837837,-35.205717,74,
Itinerario_1,-5.837914,-35.20562,75,
Itinerario_1,-5.837998,-35.205549,76,
Itinerario_1,-5.838134,-35.205473,77,
Itinerario_1,-5.838353,-35.205364,78,
Itinerario_1,-5.838637,-35.205203,79,
Itinerario_1,-5.838916,-35.205058,80,
Itinerario_1,-5.839196,-35.204912,81,
Itinerario_1,-5.839472,-35.204768,82,
Itinerario_1,-5.839731,-35.204634,83,
Itinerario_1,-5.840174,-35.204386,84,
Itinerario_1,-5.840669,-35.204136,85,
Itinerario_1,-5.840979,-35.203966,86,
Itinerario_1,-5.841049,-35.203934,87,
Itinerario_1,-5.841116,-35.20391,88,
Itinerario_1,-5.841174,-35.203916,89,
Itinerario_1,-5.841222,-35.203941,90,
Itinerario_1,-5.841253,-35.203991,91,
Itinerario_1,-5.841403,-35.20427,92,
Itinerario_1,-5.841736,-35.204886,93,
Itinerario_1,-5.842138,-35.20564,94,
Itinerario_1,-5.842438,-35.206214,95,
Itinerario_1,-5.842828,-35.206949,96,
Itinerario_1,-5.843177,-35.207613,97,
Itinerario_1,-5.843372,-35.207972,98,
Itinerario_1,-5.843676,-35.208558,99,
Itinerario_1,-5.843718,-35.208644,100,
Itinerario_1,-5.843384,-35.208817,101,
Itinerario_1,-5.843097,-35.208973,102,
Itinerario_1,-5.842702,-35.209189,103,
Itinerario_1,-5.842282,-35.209417,104,
Itinerario_1,-5.842001,-35.20956,105,
Itinerario_1,-5.841771,-35.209676,106,
Itinerario_1,-5.841703,-35.209724,107,
Itinerario_1,-5.841705,-35.209759,108,
Itinerario_1,-5.841726,-35.209802,109,
Itinerario_1,-5.841754,-35.20991,110,
Itinerario_1,-5.841504,-35.210032,111,
Itinerario_1,-5.841296,-35.210109,112,
Itinerario_1,-5.840891,-35.210239,113,
Itinerario_1,-5.840568,-35.210333,114,
Itinerario_1,-5.840236,-35.210423,115,
Itinerario_1,-5.839923,-35.210508,116,
Itinerario_1,-5.839678,-35.210588,117,
Itinerario_1,-5.839127,-35.210742,118,
Itinerario_1,-5.838835,-35.210825,119,
Itinerario_1,-5.838292,-35.210966,120,
Itinerario_1,-5.838088,-35.21103,121,
Itinerario_1,-5.838028,-35.21103,122,
Itinerario_1,-5.837981,-35.210986,123,
Itinerario_1,-5.837949,-35.210936,124,
Itinerario_1,-5.837944,-35.2109,125,
Itinerario_1,-5.837952,-35.210852,126,
Itinerario_1,-5.837926,-35.210787,127,
Itinerario_1,-5.837865,-35.210707,128,
Itinerario_1,-5.83759,-35.210786,129,
Itinerario_1,-5.837271,-35.210889,130,
Itinerario_1,-5.836971,-35.210983,131,
Itinerario_1,-5.836563,-35.211109,132,
Itinerario_1,-5.836193,-35.211208,133,
Itinerario_1,-5.836024,-35.211263,134,
Itinerario_1,-5.83594,-35.211296,135,
Itinerario_1,-5.835884,-35.2113,136,
Itinerario_1,-5.835856,-35.21128,137,
Itinerario_1,-5.835845,-35.211241,138,
Itinerario_1,-5.8359,-35.211058,139,
Itinerario_1,-5.835988,-35.210681,140,
Itinerario_1,-5.836146,-35.210044,141,
Itinerario_1,-5.836184,-35.209913,142,
Itinerario_1,-5.836212,-35.209826,143,
Itinerario_1,-5.836429,-35.209756,144,
Itinerario_1,-5.836922,-35.209608,145,
Itinerario_1,-5.837252,-35.209519,146,
Itinerario_1,-5.837695,-35.209401,147,
Itinerario_1,-5.838173,-35.209284,148,
Itinerario_1,-5.838241,-35.209246,149,
Itinerario_1,-5.838278,-35.20921,150,
Itinerario_1,-5.838292,-35.209182,151,
Itinerario_1,-5.838217,-35.208682,152,
Itinerario_1,-5.838082,-35.207762,153,
Itinerario_1,-5.837878,-35.20635,154,
Itinerario_1,-5.837832,-35.206052,155,
Itinerario_1,-5.837829,-35.205919,156,
Itinerario_1,-5.83784,-35.20582,157,
Itinerario_1,-5.837864,-35.205727,158,
Itinerario_1,-5.837894,-35.205631,159,
Itinerario_1,-5.837914,-35.205603,160,
Itinerario_1,-5.837966,-35.20556,161,
Itinerario_1,-5.838037,-35.205517,162,
Itinerario_1,-5.83819,-35.20543,163,
Itinerario_1,-5.83831,-35.20537,164,
Itinerario_1,-5.838488,-35.205276,165,
Itinerario_1,-5.838697,-35.205163,166,
Itinerario_1,-5.839092,-35.204952,167,
Itinerario_1,-5.839408,-35.204787,168,
Itinerario_1,-5.839711,-35.204628,169,
Itinerario_1,-5.84009,-35.204421,170,
Itinerario_1,-5.840352,-35.204286,171,
Itinerario_1,-5.84055,-35.204185,172,
Itinerario_1,-5.840727,-35.204091,173,
Itinerario_1,-5.840966,-35.20396,174,
Itinerario_1,-5.841107,-35.203897,175,
Itinerario_1,-5.841384,-35.203755,176,
Itinerario_1,-5.841702,-35.20358,177,
Itinerario_1,-5.841983,-35.203425,178,
Itinerario_1,-5.84226,-35.203284,179,
Itinerario_1,-5.842462,-35.203171,180,
Itinerario_1,-5.842774,-35.203023,181,
Itinerario_1,-5.843057,-35.202869,182,
Itinerario_1,-5.843209,-35.202794,183,
Itinerario_1,-5.843299,-35.202733,184,
Itinerario_1,-5.843348,-35.202686,185,
Itinerario_1,-5.843385,-35.202644,186,
Itinerario_1,-5.843444,-35.202554,187,
Itinerario_1,-5.843492,-35.202456,188,
Itinerario_1,-5.843506,-35.202393,189,
Itinerario_1,-5.843544,-35.202124,190,
Itinerario_1,-5.843566,-35.20187,191,
Itinerario_1,-5.843598,-35.201524,192,
Itinerario_1,-5.843636,-35.201152,193,
Itinerario_1,-5.843678,-35.200769,194,
Itinerario_1,-5.843716,-35.20036,195,
Itinerario_1,-5.843774,-35.199776,196,
Itinerario_1,-5.843798,-35.199558,197,
Itinerario_1,-5.843839,-35.199144,198,
Itinerario_1,-5.843916,-35.198426,199,
Itinerario_1,-5.843991,-35.197634,200,
Itinerario_1,-5.844065,-35.196922,201,
Itinerario_1,-5.844082,-35.196737,202,
Itinerario_1,-5.844097,-35.196608,203,
Itinerario_1,-5.844094,-35.196405,204,
Itinerario_1,-5.844077,-35.196313,205,
Itinerario_1,-5.844026,-35.196192,206,
Itinerario_1,-5.843975,-35.196098,207,
Itinerario_1,-5.843886,-35.195936,208,
Itinerario_1,-5.843799,-35.195821,209,
Itinerario_1,-5.8437,-35.195727,210,
Itinerario_1,-5.843451,-35.195572,211,
Itinerario_1,-5.843159,-35.195417,212,
Itinerario_1,-5.842758,-35.195212,213,
Itinerario_1,-5.842564,-35.195121,214,
Itinerario_1,-5.842482,-35.195094,215,
Itinerario_1,-5.842385,-35.195076,216,
Itinerario_1,-5.842169,-35.19506,217,
Itinerario_1,-5.841895,-35.195051,218,
Itinerario_1,-5.841722,-35.195032,219,
Itinerario_1,-5.841467,-35.195016,220,
Itinerario_1,-5.841207,-35.194993,221,
Itinerario_1,-5.840951,-35.194985,222,
Itinerario_1,-5.840792,-35.194994,223,
Itinerario_1,-5.840602,-35.195023,224,
Itinerario_1,-5.840364,-35.195072,225,
Itinerario_1,-5.840141,-35.195147,226,
Itinerario_1,-5.839847,-35.195294,227,
Itinerario_1,-5.839721,-35.195371,228,
Itinerario_1,-5.839595,-35.195458,229,
Itinerario_1,-5.839298,-35.195666,230,
Itinerario_1,-5.838831,-35.196003,231,
Itinerario_1,-5.838225,-35.196411,232,
Itinerario_1,-5.83779,-35.19672,233,
Itinerario_1,-5.837511,-35.196926,234,
Itinerario_1,-5.83711,-35.197219,235,
Itinerario_1,-5.836847,-35.197437,236,
Itinerario_1,-5.836727,-35.197552,237,
Itinerario_1,-5.836545,-35.197773,238,
Itinerario_1,-5.836181,-35.198233,239,
Itinerario_1,-5.835418,-35.199206,240,
Itinerario_1,-5.834904,-35.199872,241,
Itinerario_1,-5.834417,-35.200497,242,
Itinerario_1,-5.833913,-35.20116,243,
Itinerario_1,-5.833465,-35.201742,244,
Itinerario_1,-5.833064,-35.202273,245,
Itinerario_1,-5.832663,-35.202805,246,
Itinerario_1,-5.83256,-35.202942,247,
Itinerario_1,-5.832499,-35.203052,248,
Itinerario_1,-5.832384,-35.203346,249,
Itinerario_1,-5.832129,-35.204001,250,
Itinerario_1,-5.831869,-35.204736,251,
Itinerario_1,-5.831533,-35.205599,252,
Itinerario_1,-5.831476,-35.205772,253,
Itinerario_1,-5.831509,-35.205829,254,
Itinerario_1,-5.831541,-35.205837,255,
Itinerario_1,-5.831574,-35.205831,256,
Itinerario_1,-5.831629,-35.205714,257,
Itinerario_1,-5.831778,-35.205298,258,
Itinerario_1,-5.831974,-35.204819,259,
Itinerario_1,-5.832285,-35.203981,260,
Itinerario_1,-5.832538,-35.203327,261,
Itinerario_1,-5.832595,-35.203178,262,
Itinerario_1,-5.832652,-35.203076,263,
Itinerario_1,-5.832736,-35.203045,264,
Itinerario_1,-5.832864,-35.203044,265,
Itinerario_1,-5.833203,-35.203044,266,
